{
 "cells": [
  {
   "cell_type": "code",
   "execution_count": 1,
   "id": "b72b5a3b-fd9d-48e4-8914-5ecfbc302cdb",
   "metadata": {},
   "outputs": [],
   "source": [
    "import numpy as np\n",
    "import pandas as pd"
   ]
  },
  {
   "cell_type": "code",
   "execution_count": 2,
   "id": "d4737187-78b8-4742-bbc6-88b419eaafd9",
   "metadata": {},
   "outputs": [],
   "source": [
    "dictt1 = {\n",
    "    \"name\":['sumit','amit','purohit','hohit'],\n",
    "    \"city\":['gzb','bar','deh','leh']\n",
    "}\n",
    "\n",
    "    "
   ]
  },
  {
   "cell_type": "code",
   "execution_count": 3,
   "id": "4d5471f0-d07a-4df1-8098-eb69bd18e249",
   "metadata": {},
   "outputs": [],
   "source": [
    "df=pd.DataFrame(dictt1)"
   ]
  },
  {
   "cell_type": "code",
   "execution_count": 4,
   "id": "5ba17ecd-97f0-4164-bcd5-93120bf6199e",
   "metadata": {},
   "outputs": [
    {
     "data": {
      "text/html": [
       "<div>\n",
       "<style scoped>\n",
       "    .dataframe tbody tr th:only-of-type {\n",
       "        vertical-align: middle;\n",
       "    }\n",
       "\n",
       "    .dataframe tbody tr th {\n",
       "        vertical-align: top;\n",
       "    }\n",
       "\n",
       "    .dataframe thead th {\n",
       "        text-align: right;\n",
       "    }\n",
       "</style>\n",
       "<table border=\"1\" class=\"dataframe\">\n",
       "  <thead>\n",
       "    <tr style=\"text-align: right;\">\n",
       "      <th></th>\n",
       "      <th>name</th>\n",
       "      <th>city</th>\n",
       "    </tr>\n",
       "  </thead>\n",
       "  <tbody>\n",
       "    <tr>\n",
       "      <th>0</th>\n",
       "      <td>sumit</td>\n",
       "      <td>gzb</td>\n",
       "    </tr>\n",
       "    <tr>\n",
       "      <th>1</th>\n",
       "      <td>amit</td>\n",
       "      <td>bar</td>\n",
       "    </tr>\n",
       "    <tr>\n",
       "      <th>2</th>\n",
       "      <td>purohit</td>\n",
       "      <td>deh</td>\n",
       "    </tr>\n",
       "    <tr>\n",
       "      <th>3</th>\n",
       "      <td>hohit</td>\n",
       "      <td>leh</td>\n",
       "    </tr>\n",
       "  </tbody>\n",
       "</table>\n",
       "</div>"
      ],
      "text/plain": [
       "      name city\n",
       "0    sumit  gzb\n",
       "1     amit  bar\n",
       "2  purohit  deh\n",
       "3    hohit  leh"
      ]
     },
     "execution_count": 4,
     "metadata": {},
     "output_type": "execute_result"
    }
   ],
   "source": [
    "df"
   ]
  },
  {
   "cell_type": "code",
   "execution_count": 5,
   "id": "13b91b48-061e-47c8-9a00-60076ef8352e",
   "metadata": {},
   "outputs": [],
   "source": [
    "df.to_csv('friends.csv')"
   ]
  },
  {
   "cell_type": "code",
   "execution_count": 6,
   "id": "13b8123c-c005-4f5a-b067-672d5e22a8c8",
   "metadata": {},
   "outputs": [],
   "source": [
    "df.to_csv('friends_index_false.csv', index = False)"
   ]
  },
  {
   "cell_type": "code",
   "execution_count": 7,
   "id": "6e6bf966-0ece-4912-8f7e-b88b96dace71",
   "metadata": {},
   "outputs": [
    {
     "data": {
      "text/html": [
       "<div>\n",
       "<style scoped>\n",
       "    .dataframe tbody tr th:only-of-type {\n",
       "        vertical-align: middle;\n",
       "    }\n",
       "\n",
       "    .dataframe tbody tr th {\n",
       "        vertical-align: top;\n",
       "    }\n",
       "\n",
       "    .dataframe thead th {\n",
       "        text-align: right;\n",
       "    }\n",
       "</style>\n",
       "<table border=\"1\" class=\"dataframe\">\n",
       "  <thead>\n",
       "    <tr style=\"text-align: right;\">\n",
       "      <th></th>\n",
       "      <th>name</th>\n",
       "      <th>city</th>\n",
       "    </tr>\n",
       "  </thead>\n",
       "  <tbody>\n",
       "    <tr>\n",
       "      <th>0</th>\n",
       "      <td>sumit</td>\n",
       "      <td>gzb</td>\n",
       "    </tr>\n",
       "    <tr>\n",
       "      <th>1</th>\n",
       "      <td>amit</td>\n",
       "      <td>bar</td>\n",
       "    </tr>\n",
       "    <tr>\n",
       "      <th>2</th>\n",
       "      <td>purohit</td>\n",
       "      <td>deh</td>\n",
       "    </tr>\n",
       "  </tbody>\n",
       "</table>\n",
       "</div>"
      ],
      "text/plain": [
       "      name city\n",
       "0    sumit  gzb\n",
       "1     amit  bar\n",
       "2  purohit  deh"
      ]
     },
     "execution_count": 7,
     "metadata": {},
     "output_type": "execute_result"
    }
   ],
   "source": [
    "df.head(3)"
   ]
  },
  {
   "cell_type": "code",
   "execution_count": 8,
   "id": "b6a863a1-6a74-4719-9cb0-19cc94df7b9e",
   "metadata": {},
   "outputs": [
    {
     "data": {
      "text/html": [
       "<div>\n",
       "<style scoped>\n",
       "    .dataframe tbody tr th:only-of-type {\n",
       "        vertical-align: middle;\n",
       "    }\n",
       "\n",
       "    .dataframe tbody tr th {\n",
       "        vertical-align: top;\n",
       "    }\n",
       "\n",
       "    .dataframe thead th {\n",
       "        text-align: right;\n",
       "    }\n",
       "</style>\n",
       "<table border=\"1\" class=\"dataframe\">\n",
       "  <thead>\n",
       "    <tr style=\"text-align: right;\">\n",
       "      <th></th>\n",
       "      <th>name</th>\n",
       "      <th>city</th>\n",
       "    </tr>\n",
       "  </thead>\n",
       "  <tbody>\n",
       "    <tr>\n",
       "      <th>3</th>\n",
       "      <td>hohit</td>\n",
       "      <td>leh</td>\n",
       "    </tr>\n",
       "  </tbody>\n",
       "</table>\n",
       "</div>"
      ],
      "text/plain": [
       "    name city\n",
       "3  hohit  leh"
      ]
     },
     "execution_count": 8,
     "metadata": {},
     "output_type": "execute_result"
    }
   ],
   "source": [
    "df.tail(1)"
   ]
  },
  {
   "cell_type": "code",
   "execution_count": 9,
   "id": "baf06b8f-837e-4eaf-a857-1ea99167a579",
   "metadata": {},
   "outputs": [
    {
     "data": {
      "text/html": [
       "<div>\n",
       "<style scoped>\n",
       "    .dataframe tbody tr th:only-of-type {\n",
       "        vertical-align: middle;\n",
       "    }\n",
       "\n",
       "    .dataframe tbody tr th {\n",
       "        vertical-align: top;\n",
       "    }\n",
       "\n",
       "    .dataframe thead th {\n",
       "        text-align: right;\n",
       "    }\n",
       "</style>\n",
       "<table border=\"1\" class=\"dataframe\">\n",
       "  <thead>\n",
       "    <tr style=\"text-align: right;\">\n",
       "      <th></th>\n",
       "      <th>name</th>\n",
       "      <th>city</th>\n",
       "    </tr>\n",
       "  </thead>\n",
       "  <tbody>\n",
       "    <tr>\n",
       "      <th>count</th>\n",
       "      <td>4</td>\n",
       "      <td>4</td>\n",
       "    </tr>\n",
       "    <tr>\n",
       "      <th>unique</th>\n",
       "      <td>4</td>\n",
       "      <td>4</td>\n",
       "    </tr>\n",
       "    <tr>\n",
       "      <th>top</th>\n",
       "      <td>sumit</td>\n",
       "      <td>gzb</td>\n",
       "    </tr>\n",
       "    <tr>\n",
       "      <th>freq</th>\n",
       "      <td>1</td>\n",
       "      <td>1</td>\n",
       "    </tr>\n",
       "  </tbody>\n",
       "</table>\n",
       "</div>"
      ],
      "text/plain": [
       "         name city\n",
       "count       4    4\n",
       "unique      4    4\n",
       "top     sumit  gzb\n",
       "freq        1    1"
      ]
     },
     "execution_count": 9,
     "metadata": {},
     "output_type": "execute_result"
    }
   ],
   "source": [
    "df.describe()#for statisctical analysi"
   ]
  },
  {
   "cell_type": "code",
   "execution_count": 10,
   "id": "01ab97c7-237e-4232-9f99-92c42002665b",
   "metadata": {},
   "outputs": [],
   "source": [
    "ser=pd.Series(np.random.rand(30))"
   ]
  },
  {
   "cell_type": "code",
   "execution_count": 11,
   "id": "c0fa6a24-81ca-4d40-b3c7-1c2cb1550328",
   "metadata": {},
   "outputs": [
    {
     "data": {
      "text/plain": [
       "0     0.815636\n",
       "1     0.743510\n",
       "2     0.840314\n",
       "3     0.250411\n",
       "4     0.864927\n",
       "5     0.327410\n",
       "6     0.176172\n",
       "7     0.934561\n",
       "8     0.002800\n",
       "9     0.064854\n",
       "10    0.147415\n",
       "11    0.736378\n",
       "12    0.791518\n",
       "13    0.554895\n",
       "14    0.335041\n",
       "15    0.121193\n",
       "16    0.100649\n",
       "17    0.617613\n",
       "18    0.015721\n",
       "19    0.651612\n",
       "20    0.885208\n",
       "21    0.659431\n",
       "22    0.917217\n",
       "23    0.627644\n",
       "24    0.524593\n",
       "25    0.974901\n",
       "26    0.307719\n",
       "27    0.952978\n",
       "28    0.398740\n",
       "29    0.039349\n",
       "dtype: float64"
      ]
     },
     "execution_count": 11,
     "metadata": {},
     "output_type": "execute_result"
    }
   ],
   "source": [
    "ser"
   ]
  },
  {
   "cell_type": "code",
   "execution_count": 12,
   "id": "0eb3a1ca-9631-4757-b434-35e3e48981fa",
   "metadata": {},
   "outputs": [
    {
     "data": {
      "text/plain": [
       "pandas.Series"
      ]
     },
     "execution_count": 12,
     "metadata": {},
     "output_type": "execute_result"
    }
   ],
   "source": [
    "type(ser)"
   ]
  },
  {
   "cell_type": "code",
   "execution_count": 13,
   "id": "14f6b4fc-5ed7-465c-865f-16d656835578",
   "metadata": {},
   "outputs": [],
   "source": [
    "newdf=pd.DataFrame(np.random.rand(334,5),index = np.arange(334))"
   ]
  },
  {
   "cell_type": "code",
   "execution_count": 14,
   "id": "07f78f22-7196-476e-8a21-3be8f142a937",
   "metadata": {},
   "outputs": [
    {
     "data": {
      "text/html": [
       "<div>\n",
       "<style scoped>\n",
       "    .dataframe tbody tr th:only-of-type {\n",
       "        vertical-align: middle;\n",
       "    }\n",
       "\n",
       "    .dataframe tbody tr th {\n",
       "        vertical-align: top;\n",
       "    }\n",
       "\n",
       "    .dataframe thead th {\n",
       "        text-align: right;\n",
       "    }\n",
       "</style>\n",
       "<table border=\"1\" class=\"dataframe\">\n",
       "  <thead>\n",
       "    <tr style=\"text-align: right;\">\n",
       "      <th></th>\n",
       "      <th>0</th>\n",
       "      <th>1</th>\n",
       "      <th>2</th>\n",
       "      <th>3</th>\n",
       "      <th>4</th>\n",
       "    </tr>\n",
       "  </thead>\n",
       "  <tbody>\n",
       "    <tr>\n",
       "      <th>0</th>\n",
       "      <td>0.618666</td>\n",
       "      <td>0.900289</td>\n",
       "      <td>0.567212</td>\n",
       "      <td>0.075959</td>\n",
       "      <td>0.352934</td>\n",
       "    </tr>\n",
       "    <tr>\n",
       "      <th>1</th>\n",
       "      <td>0.134592</td>\n",
       "      <td>0.986958</td>\n",
       "      <td>0.532183</td>\n",
       "      <td>0.270842</td>\n",
       "      <td>0.677122</td>\n",
       "    </tr>\n",
       "    <tr>\n",
       "      <th>2</th>\n",
       "      <td>0.825728</td>\n",
       "      <td>0.948645</td>\n",
       "      <td>0.364130</td>\n",
       "      <td>0.682688</td>\n",
       "      <td>0.662315</td>\n",
       "    </tr>\n",
       "    <tr>\n",
       "      <th>3</th>\n",
       "      <td>0.906725</td>\n",
       "      <td>0.356985</td>\n",
       "      <td>0.528859</td>\n",
       "      <td>0.968653</td>\n",
       "      <td>0.722381</td>\n",
       "    </tr>\n",
       "    <tr>\n",
       "      <th>4</th>\n",
       "      <td>0.496803</td>\n",
       "      <td>0.687006</td>\n",
       "      <td>0.424468</td>\n",
       "      <td>0.546647</td>\n",
       "      <td>0.547275</td>\n",
       "    </tr>\n",
       "    <tr>\n",
       "      <th>...</th>\n",
       "      <td>...</td>\n",
       "      <td>...</td>\n",
       "      <td>...</td>\n",
       "      <td>...</td>\n",
       "      <td>...</td>\n",
       "    </tr>\n",
       "    <tr>\n",
       "      <th>329</th>\n",
       "      <td>0.534001</td>\n",
       "      <td>0.090439</td>\n",
       "      <td>0.419097</td>\n",
       "      <td>0.694854</td>\n",
       "      <td>0.743792</td>\n",
       "    </tr>\n",
       "    <tr>\n",
       "      <th>330</th>\n",
       "      <td>0.560226</td>\n",
       "      <td>0.797475</td>\n",
       "      <td>0.212698</td>\n",
       "      <td>0.907511</td>\n",
       "      <td>0.525488</td>\n",
       "    </tr>\n",
       "    <tr>\n",
       "      <th>331</th>\n",
       "      <td>0.092370</td>\n",
       "      <td>0.108086</td>\n",
       "      <td>0.378955</td>\n",
       "      <td>0.853523</td>\n",
       "      <td>0.581361</td>\n",
       "    </tr>\n",
       "    <tr>\n",
       "      <th>332</th>\n",
       "      <td>0.878038</td>\n",
       "      <td>0.455012</td>\n",
       "      <td>0.728415</td>\n",
       "      <td>0.157702</td>\n",
       "      <td>0.531184</td>\n",
       "    </tr>\n",
       "    <tr>\n",
       "      <th>333</th>\n",
       "      <td>0.724436</td>\n",
       "      <td>0.719051</td>\n",
       "      <td>0.073490</td>\n",
       "      <td>0.483404</td>\n",
       "      <td>0.216205</td>\n",
       "    </tr>\n",
       "  </tbody>\n",
       "</table>\n",
       "<p>334 rows × 5 columns</p>\n",
       "</div>"
      ],
      "text/plain": [
       "            0         1         2         3         4\n",
       "0    0.618666  0.900289  0.567212  0.075959  0.352934\n",
       "1    0.134592  0.986958  0.532183  0.270842  0.677122\n",
       "2    0.825728  0.948645  0.364130  0.682688  0.662315\n",
       "3    0.906725  0.356985  0.528859  0.968653  0.722381\n",
       "4    0.496803  0.687006  0.424468  0.546647  0.547275\n",
       "..        ...       ...       ...       ...       ...\n",
       "329  0.534001  0.090439  0.419097  0.694854  0.743792\n",
       "330  0.560226  0.797475  0.212698  0.907511  0.525488\n",
       "331  0.092370  0.108086  0.378955  0.853523  0.581361\n",
       "332  0.878038  0.455012  0.728415  0.157702  0.531184\n",
       "333  0.724436  0.719051  0.073490  0.483404  0.216205\n",
       "\n",
       "[334 rows x 5 columns]"
      ]
     },
     "execution_count": 14,
     "metadata": {},
     "output_type": "execute_result"
    }
   ],
   "source": [
    "newdf\n"
   ]
  },
  {
   "cell_type": "code",
   "execution_count": 15,
   "id": "a5f179a3-5473-44dd-a242-03dde34ca6b2",
   "metadata": {},
   "outputs": [
    {
     "data": {
      "text/plain": [
       "pandas.DataFrame"
      ]
     },
     "execution_count": 15,
     "metadata": {},
     "output_type": "execute_result"
    }
   ],
   "source": [
    "type(newdf)"
   ]
  },
  {
   "cell_type": "code",
   "execution_count": 16,
   "id": "463c1f1f-633c-4535-989f-b6e8f6e931c9",
   "metadata": {},
   "outputs": [
    {
     "data": {
      "text/plain": [
       "0    float64\n",
       "1    float64\n",
       "2    float64\n",
       "3    float64\n",
       "4    float64\n",
       "dtype: object"
      ]
     },
     "execution_count": 16,
     "metadata": {},
     "output_type": "execute_result"
    }
   ],
   "source": [
    "newdf.dtypes"
   ]
  },
  {
   "cell_type": "code",
   "execution_count": 17,
   "id": "4fd1a77e-def7-4ad7-a074-04ca89e2edcf",
   "metadata": {},
   "outputs": [
    {
     "data": {
      "text/plain": [
       "Index([  0,   1,   2,   3,   4,   5,   6,   7,   8,   9,\n",
       "       ...\n",
       "       324, 325, 326, 327, 328, 329, 330, 331, 332, 333],\n",
       "      dtype='int64', length=334)"
      ]
     },
     "execution_count": 17,
     "metadata": {},
     "output_type": "execute_result"
    }
   ],
   "source": [
    "newdf.index"
   ]
  },
  {
   "cell_type": "code",
   "execution_count": 19,
   "id": "fe4e805d-8fc3-436a-9b09-017de24b0114",
   "metadata": {},
   "outputs": [
    {
     "data": {
      "text/html": [
       "<div>\n",
       "<style scoped>\n",
       "    .dataframe tbody tr th:only-of-type {\n",
       "        vertical-align: middle;\n",
       "    }\n",
       "\n",
       "    .dataframe tbody tr th {\n",
       "        vertical-align: top;\n",
       "    }\n",
       "\n",
       "    .dataframe thead th {\n",
       "        text-align: right;\n",
       "    }\n",
       "</style>\n",
       "<table border=\"1\" class=\"dataframe\">\n",
       "  <thead>\n",
       "    <tr style=\"text-align: right;\">\n",
       "      <th></th>\n",
       "      <th>0</th>\n",
       "      <th>1</th>\n",
       "      <th>2</th>\n",
       "      <th>3</th>\n",
       "      <th>4</th>\n",
       "    </tr>\n",
       "  </thead>\n",
       "  <tbody>\n",
       "    <tr>\n",
       "      <th>333</th>\n",
       "      <td>0.724436</td>\n",
       "      <td>0.719051</td>\n",
       "      <td>0.073490</td>\n",
       "      <td>0.483404</td>\n",
       "      <td>0.216205</td>\n",
       "    </tr>\n",
       "    <tr>\n",
       "      <th>332</th>\n",
       "      <td>0.878038</td>\n",
       "      <td>0.455012</td>\n",
       "      <td>0.728415</td>\n",
       "      <td>0.157702</td>\n",
       "      <td>0.531184</td>\n",
       "    </tr>\n",
       "    <tr>\n",
       "      <th>331</th>\n",
       "      <td>0.092370</td>\n",
       "      <td>0.108086</td>\n",
       "      <td>0.378955</td>\n",
       "      <td>0.853523</td>\n",
       "      <td>0.581361</td>\n",
       "    </tr>\n",
       "    <tr>\n",
       "      <th>330</th>\n",
       "      <td>0.560226</td>\n",
       "      <td>0.797475</td>\n",
       "      <td>0.212698</td>\n",
       "      <td>0.907511</td>\n",
       "      <td>0.525488</td>\n",
       "    </tr>\n",
       "    <tr>\n",
       "      <th>329</th>\n",
       "      <td>0.534001</td>\n",
       "      <td>0.090439</td>\n",
       "      <td>0.419097</td>\n",
       "      <td>0.694854</td>\n",
       "      <td>0.743792</td>\n",
       "    </tr>\n",
       "    <tr>\n",
       "      <th>...</th>\n",
       "      <td>...</td>\n",
       "      <td>...</td>\n",
       "      <td>...</td>\n",
       "      <td>...</td>\n",
       "      <td>...</td>\n",
       "    </tr>\n",
       "    <tr>\n",
       "      <th>4</th>\n",
       "      <td>0.496803</td>\n",
       "      <td>0.687006</td>\n",
       "      <td>0.424468</td>\n",
       "      <td>0.546647</td>\n",
       "      <td>0.547275</td>\n",
       "    </tr>\n",
       "    <tr>\n",
       "      <th>3</th>\n",
       "      <td>0.906725</td>\n",
       "      <td>0.356985</td>\n",
       "      <td>0.528859</td>\n",
       "      <td>0.968653</td>\n",
       "      <td>0.722381</td>\n",
       "    </tr>\n",
       "    <tr>\n",
       "      <th>2</th>\n",
       "      <td>0.825728</td>\n",
       "      <td>0.948645</td>\n",
       "      <td>0.364130</td>\n",
       "      <td>0.682688</td>\n",
       "      <td>0.662315</td>\n",
       "    </tr>\n",
       "    <tr>\n",
       "      <th>1</th>\n",
       "      <td>0.134592</td>\n",
       "      <td>0.986958</td>\n",
       "      <td>0.532183</td>\n",
       "      <td>0.270842</td>\n",
       "      <td>0.677122</td>\n",
       "    </tr>\n",
       "    <tr>\n",
       "      <th>0</th>\n",
       "      <td>0.618666</td>\n",
       "      <td>0.900289</td>\n",
       "      <td>0.567212</td>\n",
       "      <td>0.075959</td>\n",
       "      <td>0.352934</td>\n",
       "    </tr>\n",
       "  </tbody>\n",
       "</table>\n",
       "<p>334 rows × 5 columns</p>\n",
       "</div>"
      ],
      "text/plain": [
       "            0         1         2         3         4\n",
       "333  0.724436  0.719051  0.073490  0.483404  0.216205\n",
       "332  0.878038  0.455012  0.728415  0.157702  0.531184\n",
       "331  0.092370  0.108086  0.378955  0.853523  0.581361\n",
       "330  0.560226  0.797475  0.212698  0.907511  0.525488\n",
       "329  0.534001  0.090439  0.419097  0.694854  0.743792\n",
       "..        ...       ...       ...       ...       ...\n",
       "4    0.496803  0.687006  0.424468  0.546647  0.547275\n",
       "3    0.906725  0.356985  0.528859  0.968653  0.722381\n",
       "2    0.825728  0.948645  0.364130  0.682688  0.662315\n",
       "1    0.134592  0.986958  0.532183  0.270842  0.677122\n",
       "0    0.618666  0.900289  0.567212  0.075959  0.352934\n",
       "\n",
       "[334 rows x 5 columns]"
      ]
     },
     "execution_count": 19,
     "metadata": {},
     "output_type": "execute_result"
    }
   ],
   "source": [
    "newdf.sort_index(axis=0, ascending = False)#axis=0 row ki"
   ]
  },
  {
   "cell_type": "code",
   "execution_count": 18,
   "id": "c42d2afb-4fe4-4e33-8fc2-8382af51135f",
   "metadata": {},
   "outputs": [
    {
     "data": {
      "text/html": [
       "<div>\n",
       "<style scoped>\n",
       "    .dataframe tbody tr th:only-of-type {\n",
       "        vertical-align: middle;\n",
       "    }\n",
       "\n",
       "    .dataframe tbody tr th {\n",
       "        vertical-align: top;\n",
       "    }\n",
       "\n",
       "    .dataframe thead th {\n",
       "        text-align: right;\n",
       "    }\n",
       "</style>\n",
       "<table border=\"1\" class=\"dataframe\">\n",
       "  <thead>\n",
       "    <tr style=\"text-align: right;\">\n",
       "      <th></th>\n",
       "      <th>0</th>\n",
       "      <th>1</th>\n",
       "      <th>2</th>\n",
       "      <th>3</th>\n",
       "      <th>4</th>\n",
       "    </tr>\n",
       "  </thead>\n",
       "  <tbody>\n",
       "    <tr>\n",
       "      <th>0</th>\n",
       "      <td>0.618666</td>\n",
       "      <td>0.900289</td>\n",
       "      <td>0.567212</td>\n",
       "      <td>0.075959</td>\n",
       "      <td>0.352934</td>\n",
       "    </tr>\n",
       "    <tr>\n",
       "      <th>1</th>\n",
       "      <td>0.134592</td>\n",
       "      <td>0.986958</td>\n",
       "      <td>0.532183</td>\n",
       "      <td>0.270842</td>\n",
       "      <td>0.677122</td>\n",
       "    </tr>\n",
       "    <tr>\n",
       "      <th>2</th>\n",
       "      <td>0.825728</td>\n",
       "      <td>0.948645</td>\n",
       "      <td>0.364130</td>\n",
       "      <td>0.682688</td>\n",
       "      <td>0.662315</td>\n",
       "    </tr>\n",
       "    <tr>\n",
       "      <th>3</th>\n",
       "      <td>0.906725</td>\n",
       "      <td>0.356985</td>\n",
       "      <td>0.528859</td>\n",
       "      <td>0.968653</td>\n",
       "      <td>0.722381</td>\n",
       "    </tr>\n",
       "    <tr>\n",
       "      <th>4</th>\n",
       "      <td>0.496803</td>\n",
       "      <td>0.687006</td>\n",
       "      <td>0.424468</td>\n",
       "      <td>0.546647</td>\n",
       "      <td>0.547275</td>\n",
       "    </tr>\n",
       "  </tbody>\n",
       "</table>\n",
       "</div>"
      ],
      "text/plain": [
       "          0         1         2         3         4\n",
       "0  0.618666  0.900289  0.567212  0.075959  0.352934\n",
       "1  0.134592  0.986958  0.532183  0.270842  0.677122\n",
       "2  0.825728  0.948645  0.364130  0.682688  0.662315\n",
       "3  0.906725  0.356985  0.528859  0.968653  0.722381\n",
       "4  0.496803  0.687006  0.424468  0.546647  0.547275"
      ]
     },
     "execution_count": 18,
     "metadata": {},
     "output_type": "execute_result"
    }
   ],
   "source": [
    "newdf.head()"
   ]
  },
  {
   "cell_type": "code",
   "execution_count": null,
   "id": "e35c86a1-6fa5-4ce5-adad-e07c0e909e57",
   "metadata": {},
   "outputs": [],
   "source": [
    "newdf2=newdf"
   ]
  },
  {
   "cell_type": "code",
   "execution_count": 20,
   "id": "430d7af7-16d8-46c6-bf9e-bfb9916b7254",
   "metadata": {},
   "outputs": [
    {
     "data": {
      "text/html": [
       "<div>\n",
       "<style scoped>\n",
       "    .dataframe tbody tr th:only-of-type {\n",
       "        vertical-align: middle;\n",
       "    }\n",
       "\n",
       "    .dataframe tbody tr th {\n",
       "        vertical-align: top;\n",
       "    }\n",
       "\n",
       "    .dataframe thead th {\n",
       "        text-align: right;\n",
       "    }\n",
       "</style>\n",
       "<table border=\"1\" class=\"dataframe\">\n",
       "  <thead>\n",
       "    <tr style=\"text-align: right;\">\n",
       "      <th></th>\n",
       "      <th>4</th>\n",
       "      <th>3</th>\n",
       "      <th>2</th>\n",
       "      <th>1</th>\n",
       "      <th>0</th>\n",
       "    </tr>\n",
       "  </thead>\n",
       "  <tbody>\n",
       "    <tr>\n",
       "      <th>0</th>\n",
       "      <td>0.352934</td>\n",
       "      <td>0.075959</td>\n",
       "      <td>0.567212</td>\n",
       "      <td>0.900289</td>\n",
       "      <td>0.618666</td>\n",
       "    </tr>\n",
       "    <tr>\n",
       "      <th>1</th>\n",
       "      <td>0.677122</td>\n",
       "      <td>0.270842</td>\n",
       "      <td>0.532183</td>\n",
       "      <td>0.986958</td>\n",
       "      <td>0.134592</td>\n",
       "    </tr>\n",
       "    <tr>\n",
       "      <th>2</th>\n",
       "      <td>0.662315</td>\n",
       "      <td>0.682688</td>\n",
       "      <td>0.364130</td>\n",
       "      <td>0.948645</td>\n",
       "      <td>0.825728</td>\n",
       "    </tr>\n",
       "    <tr>\n",
       "      <th>3</th>\n",
       "      <td>0.722381</td>\n",
       "      <td>0.968653</td>\n",
       "      <td>0.528859</td>\n",
       "      <td>0.356985</td>\n",
       "      <td>0.906725</td>\n",
       "    </tr>\n",
       "    <tr>\n",
       "      <th>4</th>\n",
       "      <td>0.547275</td>\n",
       "      <td>0.546647</td>\n",
       "      <td>0.424468</td>\n",
       "      <td>0.687006</td>\n",
       "      <td>0.496803</td>\n",
       "    </tr>\n",
       "    <tr>\n",
       "      <th>...</th>\n",
       "      <td>...</td>\n",
       "      <td>...</td>\n",
       "      <td>...</td>\n",
       "      <td>...</td>\n",
       "      <td>...</td>\n",
       "    </tr>\n",
       "    <tr>\n",
       "      <th>329</th>\n",
       "      <td>0.743792</td>\n",
       "      <td>0.694854</td>\n",
       "      <td>0.419097</td>\n",
       "      <td>0.090439</td>\n",
       "      <td>0.534001</td>\n",
       "    </tr>\n",
       "    <tr>\n",
       "      <th>330</th>\n",
       "      <td>0.525488</td>\n",
       "      <td>0.907511</td>\n",
       "      <td>0.212698</td>\n",
       "      <td>0.797475</td>\n",
       "      <td>0.560226</td>\n",
       "    </tr>\n",
       "    <tr>\n",
       "      <th>331</th>\n",
       "      <td>0.581361</td>\n",
       "      <td>0.853523</td>\n",
       "      <td>0.378955</td>\n",
       "      <td>0.108086</td>\n",
       "      <td>0.092370</td>\n",
       "    </tr>\n",
       "    <tr>\n",
       "      <th>332</th>\n",
       "      <td>0.531184</td>\n",
       "      <td>0.157702</td>\n",
       "      <td>0.728415</td>\n",
       "      <td>0.455012</td>\n",
       "      <td>0.878038</td>\n",
       "    </tr>\n",
       "    <tr>\n",
       "      <th>333</th>\n",
       "      <td>0.216205</td>\n",
       "      <td>0.483404</td>\n",
       "      <td>0.073490</td>\n",
       "      <td>0.719051</td>\n",
       "      <td>0.724436</td>\n",
       "    </tr>\n",
       "  </tbody>\n",
       "</table>\n",
       "<p>334 rows × 5 columns</p>\n",
       "</div>"
      ],
      "text/plain": [
       "            4         3         2         1         0\n",
       "0    0.352934  0.075959  0.567212  0.900289  0.618666\n",
       "1    0.677122  0.270842  0.532183  0.986958  0.134592\n",
       "2    0.662315  0.682688  0.364130  0.948645  0.825728\n",
       "3    0.722381  0.968653  0.528859  0.356985  0.906725\n",
       "4    0.547275  0.546647  0.424468  0.687006  0.496803\n",
       "..        ...       ...       ...       ...       ...\n",
       "329  0.743792  0.694854  0.419097  0.090439  0.534001\n",
       "330  0.525488  0.907511  0.212698  0.797475  0.560226\n",
       "331  0.581361  0.853523  0.378955  0.108086  0.092370\n",
       "332  0.531184  0.157702  0.728415  0.455012  0.878038\n",
       "333  0.216205  0.483404  0.073490  0.719051  0.724436\n",
       "\n",
       "[334 rows x 5 columns]"
      ]
     },
     "execution_count": 20,
     "metadata": {},
     "output_type": "execute_result"
    }
   ],
   "source": [
    "newdf.sort_index(axis=1, ascending = False)#axis 1 col ki"
   ]
  },
  {
   "cell_type": "code",
   "execution_count": 21,
   "id": "1a7148d0-24d7-4f49-9b3d-3a3cc8528b26",
   "metadata": {},
   "outputs": [
    {
     "data": {
      "text/plain": [
       "0      0.618666\n",
       "1      0.134592\n",
       "2      0.825728\n",
       "3      0.906725\n",
       "4      0.496803\n",
       "         ...   \n",
       "329    0.534001\n",
       "330    0.560226\n",
       "331    0.092370\n",
       "332    0.878038\n",
       "333    0.724436\n",
       "Name: 0, Length: 334, dtype: float64"
      ]
     },
     "execution_count": 21,
     "metadata": {},
     "output_type": "execute_result"
    }
   ],
   "source": [
    "newdf[0]"
   ]
  },
  {
   "cell_type": "code",
   "execution_count": null,
   "id": "4275af1c-b093-4728-a1bc-3cf9d4d4eaa0",
   "metadata": {},
   "outputs": [],
   "source": []
  }
 ],
 "metadata": {
  "kernelspec": {
   "display_name": "Python 3 (ipykernel)",
   "language": "python",
   "name": "python3"
  },
  "language_info": {
   "codemirror_mode": {
    "name": "ipython",
    "version": 3
   },
   "file_extension": ".py",
   "mimetype": "text/x-python",
   "name": "python",
   "nbconvert_exporter": "python",
   "pygments_lexer": "ipython3",
   "version": "3.13.1"
  }
 },
 "nbformat": 4,
 "nbformat_minor": 5
}
